NACA 23012
     1.000000    0.000000
     0.989877    0.001648
     0.970712    0.004720
     0.947549    0.008353
     0.922252    0.012225
     0.896146    0.016120
     0.869772    0.019956
     0.843302    0.023707
     0.816791    0.027369
     0.790257    0.030940
     0.763709    0.034419
     0.737153    0.037805
     0.710594    0.041096
     0.684037    0.044290
     0.657487    0.047382
     0.630949    0.050368
     0.604428    0.053242
     0.577930    0.055998
     0.551461    0.058628
     0.525028    0.061122
     0.498636    0.063470
     0.472293    0.065661
     0.446008    0.067682
     0.419790    0.069519
     0.393650    0.071155
     0.367600    0.072573
     0.341655    0.073752
     0.315834    0.074672
     0.290161    0.075306
     0.264674    0.075628
     0.239433    0.075608
     0.214566    0.075214
     0.190365    0.074419
     0.167244    0.073120
     0.145360    0.071162
     0.124741    0.068442
     0.105432    0.064910
     0.087551    0.060586
     0.071307    0.055580
     0.056961    0.050112
     0.044719    0.044477
     0.034603    0.038964
     0.026425    0.033766
     0.019882    0.028956
     0.014658    0.024530
     0.010488    0.020439
     0.007170    0.016627
     0.004564    0.013039
     0.002581    0.009628
     0.001172    0.006363
     0.000315    0.003233
     0.000002    0.000257
     0.000238   -0.002655
     0.001143   -0.005587
     0.002815   -0.008388
     0.005249   -0.010940
     0.008400   -0.013216
     0.012269   -0.015253
     0.016943   -0.017108
     0.022617   -0.018842
     0.029629   -0.020515
     0.038530   -0.022194
     0.050168   -0.023960
     0.065631   -0.025915
     0.085622   -0.028155
     0.109388   -0.030679
     0.135024   -0.033349
     0.160989   -0.035967
     0.186607   -0.038347
     0.211825   -0.040334
     0.236985   -0.041886
     0.262293   -0.043059
     0.287787   -0.043893
     0.313457   -0.044420
     0.339281   -0.044665
     0.365239   -0.044654
     0.391312   -0.044407
     0.417486   -0.043943
     0.443747   -0.043279
     0.470083   -0.042432
     0.496486   -0.041416
     0.522945   -0.040242
     0.549452   -0.038922
     0.576002   -0.037467
     0.602587   -0.035885
     0.629200   -0.034184
     0.655836   -0.032370
     0.682489   -0.030449
     0.709153   -0.028426
     0.735824   -0.026304
     0.762496   -0.024086
     0.789165   -0.021773
     0.815822   -0.019367
     0.842461   -0.016867
     0.869062   -0.014274
     0.895571   -0.011593
     0.921813   -0.008838
     0.947247   -0.006070
     0.970539   -0.003446
     0.989816   -0.001208
     1.000000    0.000000
